Amp:	10.10	Center:	95.93	Width:	10.70
Amp:	3.16	Center:	108.65	Width:	3.36
Amp:	45.71	Center:	127.47	Width:	3.99
Amp:	50.99	Center:	128.84	Width:	6.70
Chi2: 7.478880853527113
Alpha: -0.00
Beta 0: 100.73
Beta 1: -120.17
Beta 2: -6.97
Beta 3: -15.23
Chi2: 0.045085800641220634
